1.838 7.103 16.74 34.48 22.50 16.02 158.9
1.748 5.203 13.84 30.10 22.60 16.12 169.7
1.628 6.293 10.54 31.70 28.97 16.12 156.8
1.717 5.293 14.74 22.29 29.57 17.90 176.1
1.508 6.203 12.04 30.18 25.70 18.28 165.6
1.620 4.800 15.54 29.90 28.80 17.76 180.0
1.790 6.960 10.54 42.90 21.50 19.92 171.9
1.684 5.780 14.04 19.10 24.73 18.69 160.6
1.348 5.300 12.04 39.00 23.13 18.90 169.8
1.748 6.113 13.40 36.70 23.50 20.02 159.1
1.810 5.290 15.90 28.40 29.90 20.92 168.0
1.521 5.003 12.04 31.19 25.65 18.12 131.0